1000 300 10000
610 173 694095768
108 943 818656070
609 502 292532652
27 505 690713921
834 909 585593819
672 149 122658362
766 252 490962598
888 89 331095121
615 511 696745126
644 450 826320576
6 706 313309611
557 635 207285449
18 450 766966565
728 384 502734497
345 124 805420304
447 467 79247344
555 40 61932875
656 465 82922222
174 48 921822664
814 93 360595925
682 646 154419806
735 860 288743580
975 85 137401805
660 806 994702570
614 517 210638880
341 219 767096549
772 464 69228860
862 280 200469357
672 326 258978041
104 338 437443842
228 59 215309811
377 604 304858150
877 714 878030682
631 861 215319696
942 797 962817428
594 986 570241263
671 696 772692032
693 818 817550709
962 673 773814586
959 596 111529969
641 290 7066787
630 499 768437956
119 37 708916249
327 52 565267798
613 329 834786412
979 113 194547600
183 555 133111943
633 132 215332528
216 915 429534864
244 749 926265945
58 186 276603852
653 775 734916150
967 612 741928987
348 937 68437826
752 352 31962213
45 221 959133755
423 845 271953696
569 655 452685795
211 991 250464673
285 864 956766730
762 133 152725934
230 723 349596229
146 704 702093168
708 520 774724742
511 248 586631674
690 484 229707217
197 187 45339997
952 439 378850618
417 19 800155155
508 400 838410860
595 250 370122041
363 249 698930725
403 168 333015781
486 663 436417582
883 74 289388533
86 179 862767086
206 198 464639064
533 146 601742304
697 12 975261845
593 343 204196800
567 120 515851127
904 223 981554933
284 296 67233869
197 588 45948897
478 630 18106979
35 440 815959321
876 843 404580322
796 991 961440504
211 892 751464071
372 310 902306061
29 271 599367444
257 757 417271087
882 108 905906224
864 57 51152688
861 750 635636098
136 789 36674993
427 977 608853244
25 737 250762174
544 111 222126678
825 385 362776750
169 690 965707542
368 746 24410664
87 188 199138882
429 16 49853619
582 968 424373170
518 673 688180825
579 546 964333844
651 52 791243150
831 770 388999611
372 320 24622531
127 8 689560070
844 109 115484438
755 778 545611962
303 18 656700502
846 461 68828302
498 744 256283580
133 660 888464825
204 137 53899885
873 253 724020768
794 311 231156464
733 460 934177126
97 141 993076675
103 974 808177589
316 761 624883632
123 121 884927024
723 423 601327827
465 872 6898584
836 825 896090511
678 425 9515686
968 874 43026540
733 66 704829481
524 716 168795019
438 374 267636125
641 228 227123106
625 687 340259319
605 123 447104782
476 892 55822934
855 805 729997656
972 743 787323072
768 900 792250422
70 588 40950117
329 530 570634976
69 102 634804729
551 320 386889364
845 885 127565314
533 336 65946787
321 627 60175180
157 101 465037593
173 147 75198915
828 172 33940799
268 560 257407293
856 338 22370629
964 533 77307896
698 821 952168462
103 134 172754368
861 697 609155031
640 945 266828987
710 469 241894785
153 732 71431663
507 396 783196671
18 230 933121203
830 807 100595808
578 403 302659438
63 571 684057327
883 722 764162123
265 320 835636437
713 985 290641763
848 651 57162744
719 318 248968957
829 325 926539093
558 388 826884145
57 969 359146703
741 323 587683107
277 568 138008817
225 979 378762291
796 401 930343642
132 880 84713958
740 67 465281061
741 80 883181841
612 759 341937008
492 925 173338870
230 610 671267325
744 201 656505456
683 846 87984421
809 936 226371984
452 251 54281638
85 328 400387242
144 981 112323671
425 400 286127000
496 665 123936151
892 14 300516595
463 506 859409106
784 742 765682343
333 284 23887529
940 893 15513259
432 679 10338455
282 172 254836494
388 878 406083033
896 461 77009076
562 46 785816596
985 914 732088117
570 255 450965711
979 554 418230731
613 630 402090143
368 308 135702836
219 774 16526908
666 144 980616461
175 436 953506283
32 532 926981986
521 230 526558065
53 626 454933556
800 369 635172801
674 301 399977483
564 269 462549427
331 572 460623768
108 599 51278172
127 770 310917751
614 388 405322211
245 110 385044178
358 663 468396254
28 932 642400809
214 797 835287934
739 208 507589192
234 576 15718998
239 886 877761903
350 956 133405585
381 390 106690727
750 897 92922125
530 676 806371838
241 1000 479206717
623 761 170699108
876 965 584173882
930 151 678955005
365 515 40264388
461 231 987555633
652 233 79251573
410 685 43743733
717 756 427478637
455 709 155225522
435 33 889112621
91 419 737473899
249 670 684843926
342 843 52474516
756 325 26511040
436 461 670107202
128 945 354761217
201 787 373028306
855 491 871228651
777 810 574977164
658 773 465567421
761 487 991088628
544 533 514020150
28 548 841556456
922 442 791099019
532 393 588810449
239 742 60904838
211 716 564579477
595 68 167577967
561 871 188646978
565 834 319291228
377 33 476840710
25 4 440764001
79 210 516863554
967 288 159672007
622 185 682121436
839 113 825459349
209 171 684135033
173 879 266514643
83 276 196712323
626 729 486728906
825 74 92668259
613 173 988399140
628 660 922068326
881 949 275073167
293 380 557135430
481 310 737935851
299 692 306413345
844 297 462399273
450 255 725250713
906 891 259986968
365 278 683085555
918 181 580108826
684 974 145869179
513 436 296504521
993 665 297111641
966 28 370012635
469 947 658121618
161 451 743519420
924 982 425262877
591 878 120508492
47 626 803323013
629 53 871572523
563 928 144845871
50 671 438375653
634 159 888001534
983 833 73483267
636 985 282534750
156 704 745569869
25 866 990815547
58 822 98908603
