1000 3000 10000
449 586 27876669
607 128 544816540
297 456 856320205
395 332 91444451
821 923 158526633
714 810 110367723
708 414 100249907
798 395 232715718
850 67 633681907
457 314 341912908
761 311 68628670
228 67 707933614
866 933 292743349
225 416 375369041
374 882 95875773
660 359 257063459
725 147 655822866
402 92 175147236
568 546 732550017
817 71 473148358
562 427 414825289
399 659 734360674
1000 584 353229688
64 370 916776189
901 241 134433039
35 154 210664507
48 85 755131030
359 537 813397340
60 513 364094439
1 703 513930453
309 964 83619516
479 65 396498705
704 951 840340527
667 78 597079773
816 871 767292787
900 379 243787415
710 601 36489386
212 944 260949163
494 345 991089452
424 1 238371611
759 987 932090231
510 135 246063508
193 595 982606969
872 173 943175083
745 254 132447566
805 491 537029061
825 19 114230731
774 278 541119611
288 467 919546558
570 490 996667967
374 966 49072547
353 899 189221435
261 299 177067756
834 924 175556247
67 868 597618099
83 950 373767887
347 269 149944311
795 161 112282097
863 682 14935111
485 493 798361884
497 311 949999445
398 325 773136027
937 961 754639197
204 903 335616444
243 281 50183704
611 548 626086985
269 213 858141096
934 753 896474968
468 547 939458094
500 586 508064642
33 542 645396994
935 409 293774109
873 680 316787231
357 575 880742055
353 867 593754551
699 821 624543154
111 446 773998356
811 807 733735144
158 174 481822448
489 693 895007636
901 636 9684495
248 356 953359822
65 190 41067992
465 930 598073011
513 806 5840867
728 662 408769973
236 772 28398113
233 688 246544315
65 747 606542090
56 577 754319982
374 298 102868960
450 708 578407844
371 496 29303912
839 560 556302304
605 430 411689200
709 745 925877566
356 28 647595088
738 292 712028174
248 225 482665051
521 737 653322795
446 536 970760627
943 253 581149117
656 851 534212446
510 725 929201848
308 675 281683247
164 930 470723941
860 983 573020839
679 197 754637335
189 223 85326473
921 53 631462230
522 62 983256895
115 774 685133520
107 323 342444288
934 65 432894081
946 666 674546295
472 143 214699904
486 613 114498742
271 620 199502366
947 641 146017334
957 331 173930
379 176 117118377
689 75 346321512
123 878 936658687
82 937 844390365
478 644 712781989
355 319 177779420
953 358 665686382
954 564 77562515
422 495 653482342
952 457 224439473
314 148 60048945
5 150 20148405
655 426 752307762
804 825 608287848
354 647 546449654
301 387 340895787
686 883 391199927
188 3 710821168
986 2 850628939
382 15 131320254
593 889 990832590
993 161 399412605
530 960 836398799
56 704 388780458
147 898 314325374
977 813 756022706
411 843 598834680
557 505 545024031
37 555 119280384
992 190 962924592
942 668 793301109
439 138 373053174
667 650 779590054
764 584 751228994
393 879 526519222
784 215 339006138
809 730 425272836
758 124 105662948
792 600 683660253
308 17 918048006
166 812 72870571
338 790 58026904
909 281 660918987
398 951 431697656
163 529 508102797
862 19 783923988
689 509 864274451
522 266 444429242
468 980 843863898
248 253 129910018
717 276 69306944
793 172 395538784
370 332 639510341
712 102 480012967
896 353 640373011
964 580 523778325
898 40 474043757
909 996 452225760
728 895 955179807
413 843 798843534
584 860 91446460
690 21 612900973
838 317 385732848
595 381 154374294
131 171 872806507
884 570 52089603
820 623 697572631
528 272 92091722
365 755 710279703
841 868 309124964
624 7 821323640
306 898 952837510
621 644 759734841
956 845 39810768
382 581 12038155
157 673 362734107
688 262 987688836
536 289 472679287
909 121 264729496
431 620 845202570
480 513 84494773
799 393 965654055
863 916 19884401
362 822 796576384
542 497 92538977
300 620 109400094
66 474 31299280
933 656 844000466
303 398 745204964
537 240 236679095
19 404 489408659
284 232 110397188
594 792 730639579
178 772 538074699
471 580 700865036
12 371 54887316
20 590 943329246
50 179 791779061
141 760 439221284
809 7 306014285
906 693 367420840
709 586 61784670
102 153 397484561
580 922 522854982
243 134 418189975
21 935 521837810
432 185 778863079
926 405 117181902
981 798 110367531
907 198 467890543
544 692 61806387
481 44 594112982
180 163 622346551
158 844 112539016
256 466 512781812
713 358 848343920
551 837 530514056
378 580 673064143
30 588 918412365
552 737 453513742
356 101 271018869
189 722 962020018
546 919 58460933
966 584 894867572
331 375 330147834
351 635 513705851
370 463 621569020
518 486 104748369
547 502 387564443
573 766 512021362
575 49 497618768
222 914 993293150
298 656 334115629
757 517 744654119
342 497 925291164
440 560 990826530
303 646 99126055
601 388 509720474
310 577 222099358
499 927 220055044
683 471 403488971
917 113 615665534
456 210 328866096
580 938 954487587
600 996 649144378
62 241 130961588
731 605 256356591
804 902 532959386
849 611 187373794
369 830 174489689
82 583 58613334
828 680 465599532
211 438 852647909
88 778 750980215
991 209 861824797
474 165 558455139
123 737 712630434
469 967 932951346
58 806 939837905
241 774 532624960
373 322 145631574
926 92 187230866
895 229 290791497
948 206 74822781
904 163 653576702
591 338 12247599
321 96 918037452
68 627 494354487
790 73 123377711
456 270 532026944
819 124 180444837
658 820 71281999
525 413 510953382
262 226 300524852
709 240 171230192
203 166 319644802
638 377 182827536
469 131 314501326
175 351 237841297
496 823 753428636
192 255 669463875
377 394 58596721
785 975 316841676
629 112 895943642
464 1 518932830
974 178 126903218
754 468 14822671
259 647 676776199
800 618 402279730
354 212 876439157
434 425 238898800
46 627 301055468
58 21 702734954
869 655 414744758
634 508 982614634
494 949 219142967
282 210 363979697
87 847 672198838
601 258 930063155
582 126 289894221
387 599 871864352
997 562 622167976
343 493 752022529
145 786 742862441
45 426 96936803
293 403 781388503
424 129 61526559
354 825 491490006
777 335 209121137
226 10 388429207
914 981 198403702
748 537 706273524
45 701 522334258
59 772 266619418
841 948 183533390
638 716 97797445
991 196 545347347
565 803 327219311
468 94 669996231
876 985 647059452
958 785 613964186
62 954 407937856
754 396 709704234
276 163 717055137
37 428 165811847
680 255 220608536
774 67 246408446
301 993 784656497
409 469 945922591
378 146 878873959
904 676 280301786
369 704 153990165
815 950 562289856
481 467 264333514
559 395 988640204
963 232 345676341
373 794 631456789
201 895 507080044
489 252 89206694
108 655 730485130
474 888 499602137
393 884 50180766
503 546 941511718
710 205 235555563
935 638 440521337
422 451 125328514
394 247 283655448
17 209 518786749
698 678 225626963
334 327 576466308
57 679 457800026
815 478 686826685
843 299 811289858
113 978 529544090
909 266 328044037
802 570 604276401
503 36 636408201
397 815 254752796
240 534 976367053
844 124 806355832
986 396 169649503
941 832 649483003
832 276 189665340
205 223 906840411
532 132 290399709
773 261 95123733
776 567 377204738
224 282 181027095
623 42 777951556
117 713 356488055
515 303 120387113
110 809 857902469
103 772 532274257
535 688 677327145
190 80 468365423
767 381 333981270
950 862 46482172
681 688 864777042
371 475 951777980
988 731 264798459
908 987 876893355
295 967 355802805
328 936 386609314
258 954 835381699
948 239 542796385
582 638 774356017
441 258 13018669
155 654 85223390
24 255 558179933
582 527 16790508
220 486 797769107
857 749 929892518
622 800 122200669
731 971 24802653
797 46 373515331
175 400 872755443
820 826 575586148
510 135 570300565
927 305 753215291
79 696 400782802
969 835 190937
837 821 120356471
848 232 770742742
927 618 20862675
588 209 427101314
890 590 514098927
585 126 520261144
570 790 271513309
588 984 623732380
568 783 608741497
896 34 61271525
176 638 990758521
364 300 75913911
877 23 324249792
360 843 864582887
544 197 608018282
383 598 210805089
14 512 484625124
564 625 221102240
703 330 293624384
988 91 188883491
178 769 427344358
479 323 18440523
409 165 363775440
84 357 224775733
770 735 562221754
648 485 320533455
428 537 339516237
442 619 24102155
721 435 226973873
309 193 785820629
337 161 925334552
712 82 197969585
927 726 245484346
886 187 403079528
41 751 269384536
457 970 949392285
799 129 296535916
985 439 146929503
962 434 934263044
397 354 158421147
502 518 44350019
23 17 795963131
389 499 780509817
253 826 59176784
63 561 630089907
791 652 264246098
936 403 540853891
133 951 85631609
803 227 706528034
256 469 785333192
924 491 446144413
768 548 466492510
405 529 799000306
671 376 831808764
363 270 566903813
119 852 197160078
27 868 405999039
687 796 103225171
227 617 327713716
330 58 141347274
765 718 812746936
321 642 941716419
309 833 284650163
751 775 980467876
815 392 182198195
340 49 633325927
432 939 466898165
761 917 383004674
62 589 439064418
79 553 746001232
802 409 194494982
982 75 100958228
448 674 832370216
898 770 223243295
156 172 183015513
564 783 825982104
918 239 320873271
887 151 67876552
45 99 945627709
123 329 404450829
28 886 162760976
669 254 766108856
562 856 146720630
697 615 733179507
606 713 899077382
914 328 839192710
141 306 15309914
626 849 324338116
182 229 650408488
408 484 719361281
186 104 144111056
197 823 776087670
735 223 248132786
570 273 57474814
347 415 279655831
132 947 854894842
644 682 682382969
902 943 464745176
703 901 124566790
928 606 862022104
341 600 718179333
110 784 747878693
623 981 793749972
898 592 729531327
3 707 8389703
375 24 948203728
800 463 34948424
93 499 385390337
680 334 826441711
966 653 266952605
26 61 39323902
526 723 955115518
278 168 163752453
731 585 792614948
146 512 406007144
332 735 492086370
352 30 142669387
59 805 98013364
469 261 412108003
951 480 722605050
367 73 477754088
838 669 43672370
422 493 17751673
747 608 165880852
351 148 961073116
952 465 470398179
672 833 388708150
847 182 858858479
457 921 737344909
250 281 795478339
200 607 301700996
96 355 51044370
775 788 90116131
116 764 667124853
880 124 441467127
750 522 594714154
605 685 108902584
878 401 416865441
72 172 15251691
569 660 319419160
401 970 167796508
985 994 45518123
705 12 875058078
16 694 432521518
141 490 603645697
51 300 788576826
764 842 335140833
758 900 110663925
447 593 388961244
950 609 481671758
111 458 471406544
263 225 433917547
603 110 470768176
909 635 783503650
316 290 959182131
658 977 566002658
799 716 780104750
805 939 9876927
525 200 143078800
432 34 26118978
951 288 559595472
903 795 399638317
767 93 725565910
939 793 837831264
231 309 560319718
983 219 742441677
352 102 127497556
918 733 196421340
390 503 75679097
859 273 349740466
602 284 525189495
837 383 27990496
578 352 952713893
899 844 933835563
354 405 299152955
683 554 207257873
265 930 910241131
202 532 267377406
574 895 532879920
633 446 888357325
430 897 854256029
108 243 273269500
933 530 636836367
908 856 873020196
715 236 227596627
57 212 133285046
791 261 103793593
117 234 518683337
227 7 961503809
891 965 23717893
300 914 423064266
75 152 399827891
945 725 30976811
530 541 522417268
766 964 67080162
330 904 688872452
124 683 937823655
34 212 85137226
450 742 618930928
49 218 755679374
778 149 904815501
355 479 308788385
348 42 609617594
253 238 710111178
506 350 878523142
492 259 643418523
331 84 141234384
560 979 151512958
397 352 865027912
786 272 684650583
841 755 882050516
550 192 13640804
872 145 394526828
711 342 764046944
981 923 295250058
138 935 807768665
147 268 967624358
325 551 78836525
118 719 667493363
243 777 389110590
106 757 432031619
577 742 24560782
672 944 954167713
482 440 745733621
786 640 176163013
734 881 732811074
585 322 490577186
513 140 513021461
690 937 938453839
909 744 368353042
900 366 499538901
334 572 709993535
375 755 601116320
925 123 452953653
134 135 574119848
977 215 391867199
336 749 729891992
87 754 457018720
130 669 668588489
395 304 52366367
679 806 15810884
95 440 535495727
675 897 457006942
555 755 511257542
954 776 295256981
492 757 276054197
821 926 554773329
356 950 936822363
500 66 10418430
953 79 838629115
1000 203 40021426
639 522 934138350
994 880 26204092
738 541 627493951
129 968 373830618
318 295 460238497
226 427 8070090
152 291 110408952
841 256 211516837
106 896 990181402
633 357 118408447
562 206 32750175
24 948 849149114
594 120 686930561
144 913 168325361
807 35 911492815
454 153 718503800
913 866 800504642
171 10 114547728
456 552 953103254
260 994 879991810
294 725 22941342
353 521 916051837
564 952 926940135
95 965 512577872
371 271 723003591
49 900 554608356
320 504 782483057
67 955 672288598
578 625 127402733
332 353 84598661
221 955 869047805
483 160 931273127
919 850 434609733
489 987 487932994
683 668 537976981
628 774 183328045
314 184 318141497
9 237 973204925
182 94 106779242
948 323 667035048
421 767 68073875
763 890 703208253
82 67 81453331
132 765 2500859
889 32 102715072
910 322 924692424
313 221 394978835
791 525 842048513
997 98 143922376
40 631 67647606
881 894 712455619
848 449 124778552
302 654 119757942
936 553 769453743
650 819 137989390
112 56 202752265
826 603 43764707
156 885 264935770
873 840 567820724
337 405 837576491
383 757 565211373
912 198 571276176
682 142 815620641
173 301 150500863
371 797 762532941
607 810 119577877
527 616 35968389
995 240 8581696
605 267 253384239
749 763 854303477
509 612 628548814
231 633 619088514
11 509 929926594
998 518 585955965
174 584 176129576
355 708 204106268
648 127 832766079
452 736 798620248
904 894 818359212
757 111 669841308
484 827 283691206
296 865 831162428
599 950 769026267
750 232 299695856
887 438 210666300
77 429 729054324
958 900 100544212
775 596 613572641
589 807 347107017
375 50 134297814
124 736 3579797
165 976 248686910
599 947 60261357
152 755 130073473
401 456 808909528
509 589 387622529
502 995 639220307
599 719 203974502
230 39 88863735
103 235 125787245
330 631 997795301
392 839 597422426
429 838 34167543
435 129 116544752
88 148 577620375
499 793 237418524
519 899 394998406
605 733 493408557
596 245 372214501
999 93 251664897
260 4 135821066
894 290 217699244
716 92 538621771
548 290 402286343
987 754 767341997
174 886 89654625
808 622 668663669
298 159 643389394
445 46 50741737
371 842 859858432
134 795 171804770
169 74 710448583
740 611 793673062
702 501 34772804
487 465 134870905
191 36 907404457
398 17 94383813
373 336 83267461
514 78 945711980
972 212 429103067
727 145 568438906
207 635 812138661
598 819 278547913
303 962 812899518
116 367 881213627
475 169 999567464
605 28 90599446
352 496 614209810
814 559 706352383
241 731 695004856
492 792 209171523
921 675 325005275
868 873 136622258
356 488 324577326
921 596 919819489
335 991 630229628
414 472 804066538
80 430 933821332
379 924 973035881
801 987 171790711
536 428 126053981
286 481 933595845
18 183 138677194
266 368 141870407
518 938 915089240
668 771 134759366
718 806 632790375
829 158 752467850
950 670 872220898
980 426 279249238
634 89 23275249
647 45 767051327
22 639 16446503
332 438 118367171
133 457 288790737
989 700 538951548
4 354 604954238
43 570 646799934
513 35 830199645
431 738 192413013
934 50 432116863
788 354 614442598
91 486 264694586
849 748 274049426
585 94 296226841
98 308 98296019
403 465 305116449
138 64 671632892
153 568 107502229
95 825 779669484
636 380 309337677
575 230 991363630
104 751 615571290
938 415 660871833
809 269 183653904
587 520 356536386
937 382 836591887
215 549 986112342
536 934 834585156
325 455 54848489
56 851 505906493
945 431 357437078
11 733 824000632
797 793 765156593
954 498 175581116
836 561 173200871
650 213 981941834
424 895 81054970
732 599 826778287
106 829 141819280
453 690 316299104
707 826 215052686
20 117 156374084
971 322 626443642
953 844 2100235
595 233 551249495
352 116 877530841
360 693 42173912
850 173 98155635
429 641 703343267
630 362 373658177
962 851 743888800
851 935 782372085
297 208 37605962
918 458 108216878
817 555 203598349
596 802 962631825
186 272 176599134
154 136 117205961
969 723 310498419
114 910 574510870
409 109 970274156
402 781 898763726
742 665 333952885
325 534 215611189
332 795 139267305
206 733 301878286
185 4 850410274
786 612 53759363
853 358 229873549
841 38 23649034
5 481 13299148
789 965 304241883
314 999 90877690
70 456 626552424
620 885 102983009
856 999 529610563
986 998 220898640
923 558 873773268
611 971 88164390
680 202 972411077
880 399 366889433
926 800 392715509
41 996 479384592
816 735 664491708
800 361 441199415
435 92 368378618
473 319 292889521
503 812 402669654
945 31 939152555
427 602 157038928
568 257 998441939
479 254 73115012
902 948 513605876
475 163 564430651
805 22 749182544
673 197 696805447
757 34 890705762
640 790 573854318
86 803 673758389
724 351 974459431
183 666 181128184
153 655 655311488
812 258 978403637
944 343 735196797
890 233 833249174
527 979 75969554
923 912 342481024
66 100 930510326
408 361 702897248
66 84 696734418
666 676 726261499
177 716 667071046
48 849 387752667
422 838 131716152
704 207 257079400
722 707 245628762
320 865 520989713
426 206 754864915
123 4 646141192
980 983 331085707
369 6 105886985
521 788 699092989
987 995 999952679
434 888 286230513
938 180 424468661
502 997 561715017
665 991 689053497
519 658 961950820
707 262 1042846
25 446 89847629
214 946 418455044
487 540 10823616
584 527 167634555
781 707 596839302
388 265 291257264
653 805 540170618
666 414 319532855
856 57 257215667
439 639 997713945
679 666 129615299
164 635 535015318
54 764 657962928
917 788 939440807
214 775 26214608
948 43 884141810
341 675 264719020
20 523 396107090
259 966 989838575
734 801 80988374
630 188 530060387
418 997 727647443
607 984 729072934
134 429 115647507
683 44 865110664
351 589 208509086
580 902 491017353
777 651 598626290
496 793 869488428
546 54 93094101
856 695 926970933
881 858 444666605
896 983 446289354
506 504 419509545
743 587 750288743
792 229 208068441
785 938 876362181
769 277 697674141
829 971 659643967
828 605 789341273
329 569 76136219
317 247 809596434
909 551 19746056
799 722 873807434
238 70 5452220
908 407 267464132
280 491 258500071
231 884 223182038
748 709 695536533
377 776 704406269
555 19 993900773
474 467 837378279
422 533 350943036
886 703 576871839
258 291 833827915
7 937 816073879
302 557 996951384
906 833 666307129
262 42 3331607
375 928 166056585
650 546 914795418
90 699 611251971
459 822 599653696
498 266 249913792
986 743 197792173
127 38 881433055
533 687 680950845
19 371 456353213
484 638 740361179
542 452 932309981
658 834 487644615
548 124 76576822
237 683 403205314
582 451 929863573
528 527 352334365
796 928 345093055
980 826 491994704
238 102 615730782
876 581 823848691
143 176 70288674
761 201 80918819
886 968 11730356
607 734 743771431
764 890 113240536
875 682 459311403
359 745 817020624
991 400 13154401
689 23 907396208
893 386 884386705
405 600 718358295
313 869 456300021
728 283 132321319
640 681 96522621
488 639 584190856
598 44 354760840
335 432 146924729
96 169 88251495
706 691 228200487
490 638 679940822
857 78 36333589
912 193 893224264
442 80 229655033
565 324 769546325
54 202 113423252
90 69 808898057
852 77 724972988
737 528 439238531
252 130 979268633
624 517 984478058
355 329 733188308
917 152 946695791
738 842 14222448
639 6 89031478
653 793 215846312
558 400 191635389
219 723 353255384
467 420 972664173
980 672 135105457
794 751 377290958
335 764 838217231
523 811 519405154
272 428 23995809
776 436 745217543
50 968 691800693
677 100 991261636
101 752 336681769
622 973 438086663
781 671 305918375
171 311 107393640
136 485 443536180
815 241 13867644
544 917 996602821
224 258 641957307
402 112 481148234
571 524 137641791
600 91 281670190
700 633 622850290
554 272 313973023
579 924 571749570
246 255 268009870
728 591 634156359
936 776 213556641
81 776 793346301
816 14 340147167
419 58 232273877
179 710 163249438
320 988 631356318
270 927 767578599
758 771 295692581
272 710 421635331
778 210 708340276
784 719 330582481
913 439 965722595
352 259 537123238
927 797 28484740
789 493 376105796
759 966 90001266
84 961 799606055
274 694 489265679
94 727 202192370
390 125 85542887
807 321 635262720
683 195 171450149
144 429 389471186
812 235 967793115
141 128 553463277
580 324 589867682
664 876 841527298
993 560 683720689
689 975 239929902
640 21 622696248
802 453 120096034
32 324 124847844
672 209 3747921
920 841 325646463
378 743 766678428
781 672 185040208
697 608 804652620
706 933 849376844
939 360 309930904
507 224 43348015
899 62 63475393
773 190 283786626
180 80 324862181
210 838 827559741
372 493 497093516
404 200 579360776
41 298 128952763
726 433 419307483
930 18 88062843
150 77 92774496
268 993 347746598
767 902 122288116
531 451 237100775
449 588 76306804
640 252 192612955
628 61 357067182
438 464 410300232
514 218 19383844
587 281 615751557
366 217 675839815
119 542 932298026
898 414 609164583
859 10 899306857
451 318 716902745
164 584 903047447
624 205 226466256
928 703 387237510
232 270 267262218
270 683 613779892
512 914 144001578
270 197 411501025
385 467 864407079
348 879 680318335
73 70 605626665
691 978 5641433
954 669 768226631
269 501 690696710
579 357 443617914
924 931 23667428
220 436 212525152
574 508 301179662
637 74 477250826
740 531 982157427
912 570 289795077
775 584 111423850
524 421 42219871
477 7 15770264
752 845 190987287
781 35 609388932
52 1000 773275078
834 200 94287750
246 709 274930676
410 391 75006384
796 470 803670488
383 209 112930799
989 726 579766776
831 909 981472019
744 149 805385065
303 70 350335641
949 473 882599811
411 64 398116117
176 195 809170075
207 576 132446727
743 640 840672811
731 160 912957370
460 126 354334930
475 963 531961759
804 740 623535206
829 706 466076606
623 879 354906314
600 801 186500160
350 305 993898418
675 436 30749444
683 562 81178869
790 286 533528573
591 173 170161124
531 283 32038942
745 503 12867551
844 430 98357366
665 949 782431173
998 39 147112285
249 580 97222406
944 690 670549924
929 875 290649035
4 954 805405332
864 304 13087975
294 230 810160992
586 73 331643599
204 457 419601594
204 460 466659133
280 951 721609555
727 481 990494302
826 310 462893018
705 709 741894847
900 381 131620204
393 166 635604173
570 648 700742197
299 303 863431379
851 447 546963279
377 653 624586395
416 98 825882351
340 399 708848020
104 217 576186771
34 419 620518823
512 769 714237693
507 760 100312363
233 319 59517612
21 435 947708821
725 83 596944034
289 520 943025191
127 976 868312191
328 200 355747216
190 906 733485450
350 316 586857349
283 186 753178605
776 325 101601227
185 71 567937114
939 706 810552117
422 177 897445149
696 140 94063979
204 545 278847326
497 339 558315343
5 451 112005176
907 232 76035500
716 648 463490422
589 523 804342777
71 777 229234413
97 655 68114733
216 614 751362698
77 774 6696176
719 158 187773676
747 671 671619789
911 566 817676228
849 961 615623493
199 427 509936771
170 850 85925907
680 499 25825265
160 432 239864652
939 307 942944466
821 781 423426579
613 376 165924217
831 415 18249147
686 749 71268310
306 724 308550686
732 102 259495502
807 323 617602296
220 261 371760089
805 869 56259868
547 457 133137689
884 900 910895719
370 402 86036908
443 340 693197342
69 758 103776732
820 281 983148104
812 197 529111671
211 736 258119801
550 748 283925446
553 868 82373909
507 812 289704690
471 892 598470795
741 405 735364841
12 59 679433887
224 278 941774735
831 680 873898411
52 105 237234199
193 57 563042804
391 612 678013337
351 602 777463524
37 814 178286853
137 402 299028042
15 930 52423087
322 623 985089481
818 830 285192970
837 200 463970879
73 514 423714720
871 187 49616997
690 248 226833313
352 607 310018872
589 892 556204888
382 485 819040279
159 48 187908810
899 994 645522965
87 948 903555265
56 498 231273487
689 148 211501206
734 812 3086191
509 638 482204003
118 327 179642686
880 117 55694829
206 790 912114367
993 268 354299752
999 539 856071676
407 643 21347155
803 466 114042207
759 213 466703797
207 131 847763297
985 421 393583277
665 845 617470657
948 655 168901164
242 151 594318137
574 736 602810516
967 816 68525649
62 373 17245449
931 722 527965124
556 148 639637012
6 70 68235297
834 696 758879722
328 853 460231899
667 970 72257543
272 956 685651564
158 969 85605990
952 884 226799157
865 605 158430582
21 114 533611966
892 149 602196536
604 403 143421462
911 235 311638494
780 96 486675369
414 973 345641678
277 801 427057935
243 251 448207313
803 719 31398554
531 200 823347078
823 898 951785424
137 703 546608413
599 400 804298825
508 637 601686611
716 747 338352042
890 38 996792311
477 718 883648156
789 515 50747181
710 34 229405497
16 240 631241760
820 80 730031595
917 354 507036425
997 2 644676233
341 564 994974530
911 166 760417051
890 161 149314339
563 395 691227327
364 161 782390056
494 882 93065545
58 49 464145108
912 884 894037175
204 541 999361831
580 222 8781458
655 534 375408992
573 704 253418834
920 576 42646752
933 57 640622498
667 893 399828483
571 559 612001353
159 305 871428193
73 446 470504530
169 215 104617604
644 317 288030813
697 866 891200134
494 841 18781824
655 911 107099928
402 826 447532316
25 413 866700161
52 153 681805500
416 712 220326626
907 571 463188901
467 900 167314036
999 393 48394725
710 810 873007868
570 758 463041116
369 134 689420953
655 914 451468278
419 319 467911408
205 886 385308055
906 701 305197336
585 310 175128104
578 861 400149911
58 120 727774336
110 213 437710815
852 365 118478955
920 958 505013822
122 328 141208429
534 616 789324261
320 333 830571684
747 250 888503257
615 524 625347049
814 977 881447682
530 409 998965566
537 624 400803377
546 729 402845513
487 435 313547637
796 749 721737603
698 744 721545947
995 855 843423922
338 624 650947540
283 600 654643913
417 311 136322491
478 520 996574968
921 619 759280722
422 624 735557834
143 176 13813365
778 85 991129285
607 225 563201019
752 995 90211731
86 91 884286350
980 135 869976180
25 290 898017045
848 899 96136394
668 692 662607150
523 172 608655812
31 430 8418617
480 332 202037516
750 378 795973750
999 477 913952285
888 316 416157415
494 462 434411227
652 901 135375813
888 402 370021482
577 864 131391642
543 265 108264101
797 642 345126875
71 790 778109109
617 811 162749065
991 139 266113818
984 714 568788677
908 110 411087397
989 502 642008832
277 886 715888665
297 231 232328101
533 237 517167107
34 576 963359939
365 700 22973342
839 609 377088645
803 631 59683895
724 453 580666853
17 417 114281173
839 369 129294913
704 329 800024499
536 782 104294007
96 435 403977002
481 622 309904473
690 43 658605137
738 426 156274204
123 510 693536995
597 833 829521199
441 331 239259840
740 229 560340348
272 595 741454581
214 195 688517416
834 835 784940050
774 336 12721526
612 499 658994047
495 79 943721595
804 716 66001315
274 880 169007158
209 734 939910985
589 256 395366416
643 803 794880501
497 77 633486118
840 582 29647949
873 301 386324328
288 814 735160347
486 754 350855564
847 320 290053609
311 627 56181703
966 991 111574841
588 18 625347440
306 901 838540269
558 571 876644648
136 263 999216341
961 783 430332116
999 424 807744182
616 659 135327305
902 221 571108939
637 240 259519415
179 100 474064875
923 790 537260695
626 690 330803038
761 711 65690682
20 971 897920863
188 512 986043360
152 999 601836860
12 394 43249088
283 271 282333652
730 6 488893139
409 877 108025243
575 747 354982315
954 291 599218405
705 929 325016428
60 472 730825847
178 652 927688100
99 679 69085759
396 793 858862372
92 923 563887180
701 832 290596457
541 47 278926350
828 393 707056305
39 990 932660
101 338 978602003
714 263 64165538
594 449 117733441
749 818 107723649
292 927 343801179
813 105 608785379
569 997 604797538
684 225 634997678
444 898 305729983
32 60 603961753
344 76 886813255
392 409 104651651
846 784 959345133
794 408 632228120
581 78 542524048
158 155 596878672
260 224 626154685
266 13 445247397
100 259 763299487
84 923 909393867
519 915 498214105
97 857 515474970
968 104 344493593
475 787 324897587
425 234 107202986
603 931 581068089
471 904 486191987
538 974 133817760
333 471 790334502
861 998 851893182
1 258 317586144
14 895 865690967
794 681 366754247
192 448 788141545
936 482 81242231
439 19 549905759
272 744 496109012
375 953 444892732
953 678 937677678
752 193 295714045
491 539 393114743
355 463 720698478
385 672 259619116
737 427 683376646
840 763 362550155
95 803 719555386
385 119 652178450
432 129 209142820
934 666 77569841
72 79 938744108
896 989 201931710
872 59 195434649
473 436 68669447
681 904 446159231
417 230 887708596
308 409 88659889
281 112 91559727
429 576 157891492
47 499 212563267
687 123 543295127
559 289 583711612
928 513 31496125
737 123 133439622
62 168 287618682
281 129 867472561
468 812 990480764
220 343 804356253
763 653 743305144
505 868 33914652
762 749 567978346
853 539 936449713
319 222 4155310
818 741 804938132
17 773 758759604
194 463 607088818
394 127 757623458
914 636 296902141
124 32 137942620
575 512 803022786
931 285 633295126
102 997 261504053
106 266 85256696
43 268 393739672
887 74 667071051
126 338 585222206
798 483 761539796
241 105 958756516
53 463 420580814
721 575 361892702
166 307 684334650
89 888 605684528
782 942 760266608
788 795 425680701
715 454 472884139
689 627 152210258
551 804 468759579
185 914 10797369
608 997 934411817
559 630 133342636
262 266 260502104
892 533 106158350
51 386 468675711
996 574 675652197
678 798 680152606
611 706 800549174
710 831 63812608
423 723 141821554
646 216 790292014
105 494 533601882
816 675 567211782
899 686 197976031
333 734 893413086
713 391 732262306
822 839 798264496
407 310 262670304
725 448 590094621
389 213 295388025
924 178 457227626
547 730 45473654
907 310 427896482
526 489 331375629
798 851 8880764
113 895 154131216
858 142 396179855
255 614 317815033
570 713 746452283
426 720 81151432
257 693 525332089
613 270 770055847
567 276 55511714
753 103 843534813
10 900 603269106
836 596 156592358
186 549 494694533
244 956 82389976
954 946 42047506
760 784 50650473
517 19 353237200
529 254 216305609
772 184 260634240
738 300 101406634
181 827 653046276
523 850 704191875
162 777 179342865
289 965 336211738
777 581 994512489
156 274 767266579
531 926 76706139
755 980 619225807
590 413 355218222
230 185 833600583
384 122 781568673
449 275 159689293
842 238 520740370
673 847 451643448
464 911 108637748
965 321 227619037
796 198 87513184
556 257 475538016
932 751 321562896
823 903 78436387
153 790 599976343
298 48 353988568
109 274 280642658
806 719 82228851
20 442 39989541
167 54 320242399
405 610 801650693
297 260 23583498
245 94 570839980
955 838 667370615
179 10 297249188
464 176 415739252
465 279 369092648
855 834 142634152
355 237 576851051
402 432 283241006
907 523 75343003
71 800 619987308
229 597 923800284
983 781 784419277
257 961 145971181
40 798 946188014
176 780 39098323
335 51 118578871
424 938 607621248
785 796 101652440
4 497 413320522
83 488 859825024
705 383 36598206
686 466 77721526
735 375 827306417
475 158 580947484
969 6 564948813
508 851 984312924
603 127 499439845
246 698 266472914
636 436 567736248
449 723 254184232
433 186 241767509
890 548 78401534
888 662 95852220
72 481 960524811
481 642 635741089
459 815 24212348
7 183 987253247
263 127 543370418
946 741 298080919
760 836 942311835
452 726 128945884
268 478 566487201
675 336 971092598
594 496 739238829
119 698 261981432
803 714 477991928
731 351 904994786
375 583 412043192
228 14 280012155
145 613 48883775
787 552 145816450
115 375 611063748
773 494 629845357
472 4 217603011
930 961 493423804
202 21 409082996
380 234 323294227
581 40 219119413
576 920 647343855
679 627 710813883
896 757 669667753
680 53 75334123
156 715 582258966
234 710 110986275
796 295 866345254
804 500 687681024
763 903 744805151
973 531 502380099
463 909 775362652
223 91 915269050
293 878 175471082
768 575 746973932
913 686 149909330
960 402 522897413
298 552 770745429
99 330 64303580
317 902 395508712
3 924 533477199
188 327 153207918
965 945 106405043
232 253 857616940
976 22 576104167
7 613 598067756
258 156 254988833
343 362 486606648
609 537 661500534
696 675 898352690
48 387 546571442
839 185 685870812
586 627 338046557
813 387 347505668
657 774 264380145
613 336 345153514
887 74 349143858
313 632 451041127
432 905 105477089
747 941 133917763
910 290 719530795
327 821 122295632
315 661 652054456
662 695 53911213
333 342 681476744
60 117 957472593
160 869 657490352
671 712 790224006
637 962 631869955
590 2 327356807
774 319 117957803
307 891 347217400
361 750 904768394
301 941 895248498
14 441 916037637
90 757 932575144
436 868 2765523
682 434 330266179
766 975 950519668
836 157 114194203
228 401 755803993
628 748 780412409
515 232 273297541
612 535 742774468
761 686 728824561
799 583 469271181
361 700 393283386
338 450 93136442
775 894 610202661
278 910 156236302
417 250 768150894
319 87 52612998
409 214 147246745
694 294 302972383
331 964 513360308
841 704 298014248
706 333 27708854
48 650 893365311
549 621 123350657
595 850 986450035
911 731 740526648
287 260 135792506
834 928 40305373
816 558 818047628
559 469 949491047
84 333 149617908
765 146 703542667
87 748 353903557
295 936 466276889
203 480 43159435
487 832 610349045
387 563 580578410
180 137 640316398
196 472 727194788
753 174 521957418
706 755 241953340
375 845 386567834
304 498 505373489
923 893 336347468
200 162 264643777
705 301 364524053
848 675 774514944
373 903 68453131
773 149 439012083
872 268 429190737
919 553 163081055
709 495 573904893
813 224 421119748
62 757 515732647
895 755 717209902
609 892 52156179
732 195 984115186
164 973 68345772
311 615 396709245
960 897 695181600
874 537 361615592
152 111 450352344
878 278 573555100
275 308 258641648
324 230 266428176
60 947 479642143
39 671 441888269
319 640 371478121
147 584 140197018
39 602 112293596
485 198 779588771
262 955 510738905
54 440 364744712
306 464 551125869
21 115 980745089
794 995 270848817
453 680 237807541
595 173 590237300
42 415 508610613
936 141 745251235
19 553 190228786
469 893 904118852
455 541 432859750
79 713 706497875
21 233 93683216
12 351 500885285
886 207 621403178
590 974 495564483
958 548 251816596
243 50 550432179
270 41 993550452
678 206 973277746
770 393 767110231
721 664 602995544
327 417 543240233
837 28 916240394
996 166 70454887
935 176 457921132
434 860 475622049
381 462 724837785
210 332 791433275
822 646 376455720
242 552 156654651
865 180 496998625
505 910 829928889
931 584 290256078
84 282 179720002
115 118 668742009
718 385 625764828
453 643 202107167
74 606 354616453
582 859 125051609
870 547 758951868
342 964 128882036
679 141 582151421
972 42 476548739
534 516 234818432
579 719 898763420
2 457 825501676
363 638 400154796
940 298 942551878
710 336 539920977
804 385 677604618
640 718 532228440
42 203 949438095
615 297 666500926
891 600 981635026
687 157 272524764
268 812 981576520
960 625 605575822
973 521 812287002
75 23 897908871
139 306 998702710
714 562 881923828
65 205 768572625
683 72 375483407
383 246 387680955
77 956 943967372
761 694 47447247
720 253 262540249
824 535 415890408
821 20 14322217
426 918 501778798
896 449 625644941
826 635 182159263
470 350 20107195
358 22 328535746
233 190 758879401
807 343 27503525
877 300 376012334
994 387 381669631
835 688 431894390
857 152 751115136
435 790 558038190
995 672 437148692
173 139 950462412
311 55 390008121
844 312 12546433
725 774 9660228
62 921 279837244
145 230 634615072
732 520 771267446
859 564 110409430
478 618 53574811
481 879 680405323
80 91 338303561
689 534 394828487
779 23 327724947
281 70 71286344
498 829 831831160
990 782 167645891
358 76 42038658
981 425 386603020
302 546 53091153
4 357 946861678
819 204 729172017
116 93 168303862
358 506 403749621
959 193 949508413
426 899 474218381
695 288 966176665
24 966 274741197
204 546 571047839
358 900 542261120
947 107 819536143
777 576 608424790
72 832 508299986
580 92 594769377
248 840 740414360
111 64 40180942
275 455 742005676
276 951 18109241
516 640 296334107
250 15 608890661
933 475 580175478
615 255 982402965
625 813 105070971
892 715 842201182
370 618 916187403
666 325 99350569
857 911 97701221
263 473 706284597
655 608 188528608
575 540 622920615
528 360 216109843
879 618 594123096
317 981 724297366
177 984 448762640
349 345 601516991
209 447 295921372
149 114 47375286
885 411 24716140
353 134 324768865
696 699 132246466
160 708 198591797
941 578 343812989
965 544 150662607
296 157 12201624
965 940 372567059
981 801 438823265
179 645 792254313
808 427 877867176
915 689 420934219
958 542 478642807
52 885 571784461
336 220 85481038
901 842 488205327
268 542 439521472
726 400 164428628
930 946 334683957
80 857 842233936
879 255 894076408
407 994 854150177
238 97 668790278
856 693 280054818
584 15 307737645
241 190 500186421
370 150 377496551
265 400 264128619
328 85 567568400
52 563 273863851
596 362 568587443
308 652 836822747
927 119 579715566
780 427 660283133
487 353 227567639
795 607 391277690
495 753 818765137
567 156 869443184
187 75 470530490
847 599 401973205
379 913 369793694
29 318 496946776
924 30 562589706
197 414 694952294
664 478 142790095
297 791 963701735
73 452 367776717
449 552 64238549
384 714 40124448
585 544 83206092
32 2 881128295
947 575 863103677
664 101 455643449
515 930 164155962
332 820 764055401
797 982 600618663
74 758 805713233
273 993 965841345
403 407 743426880
862 764 37304589
463 840 323259158
279 514 234398949
591 7 116692564
724 357 334875357
622 126 116249055
321 282 690693315
787 785 884893375
674 800 262934837
739 350 512057413
747 718 14857331
106 552 172040459
201 416 686414015
828 952 273082077
781 85 860844595
842 353 759533318
847 642 632247215
353 359 480099730
218 867 759735634
48 479 876276518
737 472 910872645
900 756 667970646
107 862 631334097
887 615 502667532
157 513 645870461
855 982 109134369
905 894 809092600
598 707 37595283
318 709 197253397
932 580 66605159
636 464 34992375
401 768 600966699
431 516 398027912
753 287 561552862
954 849 331905287
37 965 418877420
936 637 204709491
522 468 458551350
151 532 223793430
613 416 694740966
975 565 590305015
402 331 93948569
965 81 227351281
532 354 45466599
547 441 135024345
233 780 155415597
247 734 312345126
464 286 232000758
591 620 984883020
587 756 118491588
788 907 392750897
259 654 152293356
475 355 415042271
31 13 528015477
470 363 438546691
895 546 790119667
38 964 394933013
813 660 388973633
251 722 328150011
381 788 365339624
814 402 975845778
308 440 785876575
835 599 816279588
908 213 581834070
976 622 617681001
626 973 396093250
701 894 421149780
174 171 168390051
437 595 14989066
374 339 423752112
869 367 183937065
184 323 223230854
482 19 863289468
532 906 246210835
743 950 642297989
243 687 349861527
797 15 98721344
294 527 622543669
677 747 225016279
153 823 720959183
448 319 781382995
835 87 5983480
978 816 780297443
887 438 948278593
190 540 191755371
732 160 23998523
338 511 936894013
826 209 40171071
582 291 107071943
23 512 172811374
927 479 843240238
499 908 322772358
816 400 923608967
723 517 566872801
989 557 329650597
49 803 930467712
600 772 268531556
663 930 729814117
972 832 273627196
518 681 215416311
350 396 864555774
24 709 37812401
889 213 426129848
574 940 77847865
365 356 159096981
140 380 281582183
352 932 194496069
508 826 356058690
411 583 517571916
31 172 138734001
909 838 808002576
53 703 351604784
701 587 35488321
808 360 888594861
595 321 445622134
809 720 342725113
20 658 282037115
383 86 829973598
61 75 903949121
694 886 351678253
774 112 451452935
242 87 851402679
709 642 525422483
871 240 491079923
527 683 654518470
364 439 203361085
925 161 141325227
981 372 274898755
904 607 214002770
740 460 389901940
663 179 46278884
615 835 724769514
597 351 106140274
928 250 148900059
983 366 698858498
607 143 295300414
586 410 979025354
506 793 445668323
936 523 640484622
678 29 332808220
917 304 976221713
427 659 889838481
165 178 825666852
853 118 500110985
642 217 430348872
264 555 659850744
534 506 813035484
237 610 222049159
819 419 901253828
379 787 12614986
758 525 432630774
981 225 794133661
186 24 810353521
118 692 357760940
836 28 833857715
973 736 836256158
763 99 61434228
101 650 415319215
835 48 707896260
267 584 290528066
792 403 157929865
22 881 74510515
625 737 942495898
296 780 433569317
806 737 48851160
270 745 939028726
639 535 832530340
417 698 848815655
2 853 910205149
13 631 57556705
465 471 806406697
76 292 397596903
334 960 571394276
186 310 43964831
473 824 687510840
113 53 145404721
646 820 976462072
390 653 678634609
562 312 330886274
791 922 301578833
373 820 105911970
232 727 116702789
508 635 383163023
928 940 81720520
220 324 212219985
773 330 29872105
153 95 409092786
676 891 205126218
179 524 670623009
900 357 529793831
82 970 857092267
907 753 675269784
145 646 835450780
184 276 783183701
581 941 663915575
690 702 929318489
944 891 831494865
722 429 351201533
80 939 518876203
523 217 46872789
36 163 44562809
987 267 911267087
612 456 975655711
590 53 15903310
631 893 574646368
495 609 629748445
392 908 192921537
399 980 307227786
948 700 812875155
559 45 58303147
729 820 506529773
22 793 744605796
783 325 422161667
306 628 192174985
446 412 264443139
742 853 35318775
942 733 682518965
46 219 133073300
963 427 171157932
234 343 287256940
333 648 436077169
912 51 125561019
47 95 61438300
695 91 69065592
291 388 665549016
643 985 35457593
723 544 776169908
656 342 130447330
501 56 153800103
326 833 688678373
428 588 41128141
292 558 25023818
198 203 703908147
791 894 812032699
910 928 134442119
748 734 122466593
641 442 732525147
64 99 662340458
268 145 697978539
281 677 910882798
342 24 589502561
51 252 192152425
300 723 48254149
794 784 173779251
439 746 187750299
112 928 277773845
807 651 358443678
794 703 469809759
498 774 462470410
531 785 581961699
327 164 516152166
971 312 97530787
616 357 866686902
16 400 734574160
429 825 652155218
963 198 335677287
309 600 7998426
775 526 93489544
793 573 398276966
779 518 822960009
634 504 388303995
763 688 577131475
638 776 287240189
277 919 102677987
825 180 365604603
767 331 379200848
901 963 135886828
326 874 714875258
703 70 575833539
824 152 590700100
900 41 35334522
169 776 978331656
385 177 950326574
338 416 426838605
505 231 604925787
716 792 143050772
992 385 31840963
829 621 496902178
713 539 580642904
224 146 288959487
848 391 427586497
588 360 277599880
883 677 892576783
153 599 107266134
156 103 220819261
283 638 392328207
364 724 62937366
183 143 226691419
363 675 11287237
615 392 914670065
358 638 744972127
233 503 50498258
714 334 375159787
356 60 853804523
217 604 47676335
286 458 293377064
157 525 904106117
712 39 137437696
491 987 382706909
353 722 497732957
318 143 970893901
857 966 62885244
987 779 228213101
106 695 558282114
11 112 268060640
437 327 409354756
823 48 101446179
257 552 628240222
674 281 577138312
317 282 218503650
388 703 80954257
664 260 26244318
90 467 533835237
497 255 48845800
369 182 614420139
575 972 989824606
455 913 289676799
758 190 922959609
462 236 641071454
947 110 342474404
456 999 705282623
58 203 565733075
713 263 305030648
138 928 8475881
53 369 167528363
328 173 301040251
773 824 539171237
300 754 314680311
516 605 133070035
800 505 250167789
238 57 340785047
141 317 545570711
83 442 820609570
782 623 602761153
640 194 497041617
139 739 14834516
511 492 146368453
229 107 793935040
835 541 763680145
139 477 129348414
518 854 70539576
948 940 665216279
58 813 665419022
267 768 286216314
220 831 48791682
601 822 741628784
586 301 637423944
817 167 285217970
558 477 131070713
266 211 48594544
119 6 67396112
238 357 521841826
234 754 650152345
741 203 665984965
959 970 271387809
593 538 424622419
599 262 775229994
56 484 83062516
813 283 204189200
23 1000 206677720
485 573 182912217
536 878 879579319
585 319 72636055
971 853 307208918
560 271 363587862
403 99 713669591
100 106 78925670
522 822 887625588
721 514 19379095
865 867 248499922
236 270 142426636
503 13 220650524
479 324 931689645
963 824 882926582
460 745 429796613
273 679 784011432
780 93 361513301
81 737 740703777
364 674 225109101
985 885 111783128
230 931 697248076
225 271 122843385
258 901 404850571
305 493 14805816
284 588 211534832
5 79 96940138
994 977 31782246
117 880 729928375
534 993 387969655
174 732 625878537
286 781 443214283
80 528 212015927
349 168 97986927
253 110 730758115
395 217 25241651
614 953 896201852
988 592 183512128
597 931 103846481
871 637 215175406
75 129 293977106
139 372 513986115
968 170 450994766
361 742 216422022
215 634 268711487
821 133 985553265
823 116 928313535
619 313 289662891
459 641 58854037
881 982 239596964
421 555 103498791
914 373 846014409
974 740 87607535
270 400 171141505
735 46 23859099
126 292 416645168
702 767 8545062
661 863 694396338
331 557 969498320
245 386 63943999
348 529 489764608
389 364 59256009
488 886 356819834
373 5 709254559
559 43 597452328
810 670 824411004
355 281 330498499
394 713 32915055
193 558 810847944
536 802 412206963
75 234 444409863
975 845 19468227
794 857 628562609
812 202 892586071
383 655 938358477
426 320 589089843
382 46 120925812
13 161 259118104
470 178 515744551
337 706 183407595
940 362 635743617
705 241 76381952
725 605 612459237
158 311 982917970
134 53 498824578
180 339 282033183
916 552 408008117
28 946 35510988
758 385 818560718
44 979 690176077
441 591 841534789
651 956 115055565
486 836 894074154
918 592 859826813
856 213 420484084
466 972 35008326
930 141 146304106
388 818 677836907
478 615 741887299
211 225 849712076
569 42 858249268
82 50 101242850
313 169 976868858
744 754 15827964
346 759 985550777
264 200 951445125
534 733 782310600
827 355 167252462
295 471 694748289
173 823 948943968
629 20 10032210
801 984 19348183
18 136 313345646
778 837 306396325
606 129 851238429
989 739 398980335
53 697 619343420
291 295 661324709
557 525 368498468
9 875 35763317
747 617 67404235
979 199 467384618
210 704 153651178
695 481 19586281
683 983 693688283
958 935 621275634
595 164 100566576
771 560 448985570
280 121 588441255
529 570 860676322
262 668 263154005
953 179 143642805
949 31 12786456
280 937 325570200
196 550 396679703
788 279 886796845
464 974 459131493
273 116 251600408
508 725 834190125
493 859 568903504
139 796 816474060
349 648 352654318
223 953 752861884
526 615 413883611
408 277 736554507
315 303 533579821
534 239 199438264
255 893 852664537
279 567 950423433
208 192 928867344
176 677 127605631
870 851 289184791
802 166 289106067
993 939 129990153
720 553 621140684
847 241 280063619
107 14 66067259
346 192 586816948
830 585 172837047
206 971 555687344
899 466 546883345
923 942 90456551
454 580 250484678
543 72 616818029
379 901 42749840
165 633 855552741
575 985 59821489
490 249 824411487
501 365 946909559
291 343 768910384
642 124 281003207
184 581 679830506
759 954 936011419
778 326 461183643
578 614 295595283
521 457 355172087
317 522 695980219
429 264 819986585
4 818 458860637
129 393 635265524
483 232 521647036
160 345 209452786
372 716 625702469
666 70 435949590
722 933 125042416
49 259 850226621
574 874 500060890
690 949 995083021
523 13 293562629
129 174 55193807
711 50 501851969
823 493 240102216
141 208 72737773
982 7 107761548
937 696 875071808
155 683 934751783
255 859 71349598
434 776 328082569
993 917 21245448
82 971 725033403
975 566 541245585
668 61 124578252
605 373 59650215
667 722 352415963
985 71 768389774
349 958 433766014
351 725 939012163
394 843 840364769
383 845 440560849
465 102 640778306
826 486 15349501
968 790 709958345
836 361 663797589
729 642 146645888
309 119 235119904
942 623 215077013
452 114 429344573
854 214 255690842
326 14 823125060
255 92 770767558
417 919 898115870
635 14 674982826
641 6 19248244
315 113 438259369
856 269 394821127
33 281 979635253
602 209 405574156
696 65 389972436
118 201 697744793
371 774 786084057
55 881 668868564
378 95 641246165
490 835 521083750
423 438 748561627
46 49 443210913
571 244 409084469
16 248 256445560
147 988 63145349
332 527 771555081
47 807 239989626
823 464 251766887
597 305 805348110
761 482 99209684
75 313 778261215
657 767 76196623
931 147 332268741
852 206 858178295
653 383 148611219
303 98 737278858
887 29 213189043
150 342 704636026
335 492 72947872
750 39 673335447
23 754 50857217
559 847 522142337
527 93 758312107
375 616 443459507
511 408 894112109
199 454 519580067
6 562 229018318
530 257 615989388
504 671 478981084
419 10 52870303
257 524 240295726
238 164 474105613
616 422 413004583
60 8 114591353
513 802 985488615
727 164 92252281
879 240 531579100
637 168 182179564
771 243 762766348
480 789 737008543
995 542 88494452
617 583 358819046
221 681 180193318
350 484 801028668
820 677 844329623
930 394 797467241
792 899 874246006
672 383 158844151
588 759 356881815
476 818 66179298
283 115 312025395
56 505 25050911
316 385 943767187
688 540 364089579
260 830 789738305
210 596 226926713
703 784 163895941
643 665 892238645
385 307 100346745
344 883 317420453
317 621 355392854
73 795 205009489
497 32 584149898
222 585 178283476
145 199 955766497
538 320 620108401
765 71 167131474
39 933 327022246
355 748 226849008
403 915 195169172
378 84 126074572
753 439 626399524
702 415 932782542
962 844 74275673
765 907 951927180
45 819 997966423
159 736 805654390
642 707 52089047
71 752 357942274
595 290 594047226
494 800 417025724
937 634 376058962
423 23 950194874
691 616 40179391
648 416 5549837
820 562 91162982
311 841 808786031
603 711 814996156
662 495 355845118
95 661 236592478
564 373 751913531
535 182 396476611
248 1000 488794449
433 209 441382959
21 217 999283227
945 426 102304205
792 380 956088170
229 868 820605652
439 177 609594879
761 429 141826666
726 128 469338342
87 230 412608431
195 129 170021338
606 113 694672160
657 338 987316144
613 940 492923674
522 847 326347253
343 808 972723023
577 947 129884646
116 325 780459611
80 774 917855757
423 944 8174075
917 229 16784163
11 861 396928203
791 681 739767407
357 727 630300443
173 328 912777715
169 977 239804089
878 494 97968471
406 631 815429501
349 300 925038819
741 236 641442096
705 413 138834826
669 61 430618052
280 372 569982872
13 823 73010726
23 403 323043934
616 422 550943716
938 929 426965913
597 646 256092412
470 860 513571257
550 285 185182723
480 451 135680171
435 693 605048028
720 37 356392545
165 261 888480747
101 350 964327025
817 358 770777540
270 855 787830649
353 861 904604670
665 428 775798640
868 982 814720681
871 518 191289374
201 51 225051189
601 338 689955583
517 171 147637654
840 141 648708949
821 698 6977870
612 183 688988276
97 839 900568379
800 79 723739343
397 374 437318816
871 599 611205152
410 1000 467109833
511 484 735670727
309 305 82490588
927 780 297513480
330 198 850694803
210 837 966450469
539 175 726862082
153 238 105423824
389 47 560117865
257 679 54560855
439 794 981508613
764 906 190509816
35 763 163247283
627 227 386509079
883 206 41660170
204 259 497161786
451 810 766950218
510 52 956278442
563 814 953493177
595 898 191438623
767 509 204173373
340 16 105700537
853 491 898459142
33 604 589768526
378 915 728320434
973 316 497280938
201 865 778659506
891 249 91800253
465 591 103869259
22 170 578862446
521 409 564857644
194 121 959600152
38 968 261147565
54 191 432983816
893 937 94115563
197 562 646082112
865 535 735193530
698 749 127525650
759 793 37504676
887 445 515560237
71 785 843718167
858 737 621161045
694 306 91040164
111 791 571773040
578 738 148629314
845 402 3338774
573 318 740703293
836 399 541208927
838 994 104940951
789 732 429327161
261 91 613492665
914 419 556953567
340 731 392429609
86 155 417613382
308 258 600803065
584 414 180656866
672 862 108465358
43 644 60183073
836 803 848486183
282 90 304711063
894 913 345108123
857 286 509128718
11 915 503061863
830 152 966862469
226 212 204962487
258 960 68211135
588 740 412117741
426 555 270346745
867 768 290385500
734 6 865085082
111 842 457252278
219 92 263192807
895 578 449923482
369 137 287115550
223 964 109132059
46 308 278922251
795 232 680095137
50 7 719753572
323 913 43993553
154 655 461952720
396 326 144342293
427 615 774710893
12 100 514640001
922 99 421353925
367 206 409146791
691 970 839948116
93 204 575107163
705 802 111674987
288 887 744200914
199 487 635268389
371 191 413205796
868 591 587856053
387 806 590867862
46 67 135206072
792 536 879039037
589 367 754648927
278 719 444544588
970 699 122684354
355 358 114247775
256 945 653734290
202 896 129633920
661 632 771343327
740 636 267652900
362 688 850256059
146 580 603054342
341 117 482643923
432 831 639713827
325 840 34060649
113 667 252503259
842 959 567288538
415 309 165294837
640 680 170076515
521 854 133712833
204 708 941020488
59 160 187697032
480 275 73837123
750 382 299846244
383 218 299526988
2 599 41483592
539 140 66419772
603 720 220245269
228 834 55683197
998 985 9656199
171 509 650731781
968 302 903930387
351 978 823761908
433 31 140040234
102 912 322698297
606 126 191275420
876 253 917848218
773 670 706500836
164 474 894515610
600 516 490097524
667 514 349634519
386 252 315444896
508 789 412746042
799 399 169148283
638 680 790638300
763 645 343612297
539 988 886897173
867 625 238718470
884 633 32299669
18 441 806622151
234 702 44859467
899 91 750694906
425 878 228755282
951 919 339745595
553 623 232791006
324 85 905904487
664 201 183956376
933 263 476491665
502 212 132162267
656 911 505440227
177 616 13297126
375 425 19192633
581 19 878363457
944 845 455863110
246 839 923596645
665 597 351856133
670 399 389382540
682 801 968578092
631 461 254938656
315 729 62151000
249 506 871582680
802 159 370507095
